FA?OOH@?L? (1,1,1,1,-1,-1,-1)
FA?OOD@HG? (1,1,1,1,-1,-1,-1)
FC`_oIE@[? (2,1,1,-1,-2,1,-1)
FC_OGJcoF? (1,-1,-1,-2,-1,2,1)
FF@?OCOGz? (1,1,1,1,-1,-1,-1)
FF@?GGOOv? (1,1,1,1,-1,-1,-1)
FF@?GCOXq? (1,1,1,1,-1,-1,-1)
FF?OGP?Xe? (1,1,1,1,-1,-1,-1)
FF?OGDQX_? (1,1,1,1,-1,-1,-1)
FE`?OGP?^? (1,1,1,1,-1,-1,-1)
FE`?OCPHY? (1,1,1,1,-1,-1,-1)
FE`?GGPPU? (1,1,1,1,-1,-1,-1)
FE_OOP@HM? (1,1,1,1,-1,-1,-1)
FE_OOHR?L? (1,1,1,1,-1,-1,-1)
FE_OODRHG? (1,1,1,1,-1,-1,-1)
FE_OGHRPC? (1,1,1,1,-1,-1,-1)
FE?oQHD@m? (2,2,1,-1,-1,-1,-1)
FE?oQHBCl? (2,2,1,-1,-1,-1,-1)
FD@_QIAD{? (1,1,-1,-2,-2,1,1)
FD@_QEAKx? (1,1,2,1,1,-2,-2)
FGaO_I?_K? (1,1,1,1,-1,-1,-2)
FJB__CO[z? (1,1,1,1,-1,-1,-1)
FJB_GCsXq? (1,1,1,1,-1,-1,-1)
FJBO_GOsn? (1,1,1,1,-1,-1,-1)
FJBO_CO|i? (1,1,1,1,-1,-1,-1)
FJBOOGs_n? (1,1,1,1,-1,-1,-1)
FJBOOCshi? (1,1,1,1,-1,-1,-1)
FJBOGGspe? (1,1,1,1,-1,-1,-1)
FL@_IG_Or? (1,2,1,-1,-1,-1,-1)
FK`_QG`?Z? (1,2,1,-1,-1,-1,-1)
FK`_IG`PQ? (1,2,1,-1,-1,-1,-1)
FK_oaHBPG? (1,2,1,-1,-1,-1,-1)
FHb?K?_xQ? (1,2,1,-1,-1,-1,-1)
FHaOc@AxG? (1,2,1,-1,-1,-1,-1)
